2.
4.
6.000000000000001
8.
10.
12.000000000000002
14.
16.
18.
20.
22.
24.000000000000004
26.000000000000004
28.
30.
32.
34.
36.
38.
40.
42.00000000000001
44.
46.
48.00000000000001
50.
52.00000000000001
54.
56.
58.00000000000001
60.
62.00000000000001
64.
66.
68.
70.
72.
74.
76.
78.
80.
82.
84.00000000000001
86.
88.
90.00000000000001
92.
94.
96.00000000000001
98.
100.
102.00000000000001
104.00000000000001
106.
108.
110.00000000000001
112.
114.
116.00000000000001
118.
120.
122.00000000000001
124.00000000000001
126.
128.
130.
132.
134.
136.
138.00000000000003
140.
142.
144.
146.
148.
150.
152.
154.
156.
158.00000000000003
160.
162.
164.
166.
168.00000000000003
170.
172.
174.00000000000003
176.
178.
180.00000000000003
182.
184.
186.00000000000003
188.
190.
192.00000000000003
194.
196.
198.00000000000003
200.
202.00000000000003
204.00000000000003
206.
208.00000000000003
210.
212.
214.00000000000003
216.
218.
220.00000000000003
222.
224.
226.00000000000003
228.
230.
232.00000000000003
234.
236.
238.00000000000003
240.
242.00000000000003
244.00000000000003
246.
248.00000000000003
250.
252.
254.00000000000003
256.
258.
260.
262.
264.
266.
268.
270.
272.
274.
276.00000000000006
278.
280.
282.
284.
286.
288.
290.
292.
294.
296.
298.
300.
302.
304.
306.
308.
310.
312.
314.00000000000006
316.00000000000006
318.
320.
322.
324.
326.00000000000006
328.
330.
332.
334.
336.00000000000006
338.00000000000006
340.
342.
344.
346.
348.00000000000006
350.00000000000006
352.
354.
356.
358.
360.00000000000006
362.00000000000006
364.
366.
368.
370.00000000000006
372.00000000000006
374.
376.
378.
380.
382.00000000000006
384.00000000000006
386.
388.
390.
392.
394.00000000000006
396.00000000000006
398.
400.
402.
404.00000000000006
406.00000000000006
408.00000000000006
410.
412.
414.
416.00000000000006
418.00000000000006
420.
422.
424.
426.
428.00000000000006
430.00000000000006
432.
434.
436.
438.
440.00000000000006
442.00000000000006
444.
446.
448.
450.00000000000006
452.00000000000006
454.00000000000006
456.
458.
460.
462.00000000000006
464.00000000000006
466.
468.
470.
472.
474.00000000000006
476.00000000000006
478.
480.
482.
484.00000000000006
486.00000000000006
488.00000000000006
490.
492.
494.
496.00000000000006
498.00000000000006
500.
502.
504.
506.
508.00000000000006
510.00000000000006
512.
514.
516.
518.0000000000001
520.
522.
524.
526.
528.
530.
532.
534.
536.
538.
540.
542.
544.
546.
548.
550.
552.0000000000001
554.
556.
558.
560.
562.
564.
566.
568.
570.
572.
574.
576.
578.
580.
582.
584.
586.0000000000001
588.
590.
592.
594.
596.
598.0000000000001
600.
602.
604.
606.
608.
610.
612.
614.
616.
618.
620.
622.
624.
626.
628.0000000000001
630.
632.0000000000001
634.
636.
638.0000000000001
640.
642.0000000000001
644.
646.
648.
650.
652.0000000000001
654.
656.
658.
660.
662.0000000000001
664.
666.0000000000001
668.
670.
672.0000000000001
674.
676.0000000000001
678.
680.
682.
684.
686.0000000000001
688.
690.0000000000001
692.
694.
696.0000000000001
698.
700.0000000000001
702.
704.
706.0000000000001
708.
710.0000000000001
712.
714.
716.
718.
720.0000000000001
722.
724.0000000000001
726.
728.
730.0000000000001
732.
734.0000000000001
736.
738.
740.0000000000001
742.
744.0000000000001
746.
748.
750.
752.
754.0000000000001
756.
758.0000000000001
760.
762.
764.0000000000001
766.
768.0000000000001
770.
772.
774.0000000000001
776.
778.0000000000001
780.
782.
784.
786.
788.0000000000001
790.
792.0000000000001
794.
796.
798.0000000000001
800.
802.0000000000001
804.
806.
808.0000000000001
810.
812.0000000000001
814.
816.0000000000001
818.
820.
822.0000000000001
824.
826.0000000000001
828.
830.
832.0000000000001
834.
836.0000000000001
838.
840.
842.0000000000001
844.
846.0000000000001
848.
850.0000000000001
852.
854.
856.0000000000001
858.
860.0000000000001
862.
864.
866.0000000000001
868.
870.0000000000001
872.
874.
876.
878.
880.0000000000001
882.
884.0000000000001
886.
888.
890.0000000000001
892.
894.0000000000001
896.
898.
900.0000000000001
902.
904.0000000000001
906.
908.0000000000001
910.
912.
914.0000000000001
916.
918.0000000000001
920.
922.
924.0000000000001
926.
928.0000000000001
930.
932.
934.0000000000001
936.
938.0000000000001
940.
942.0000000000001
944.
946.
948.0000000000001
950.
952.0000000000001
954.
956.
958.0000000000001
960.
962.0000000000001
964.
966.
968.0000000000001
970.
972.0000000000001
974.
976.0000000000001
978.
980.
982.0000000000001
984.
986.0000000000001
988.
990.
992.0000000000001
994.
996.0000000000001
998.
1000.
1002.0000000000001
1004.
1006.0000000000001
1008.
1010.0000000000001
1012.
1014.
1016.0000000000001
1018.
1020.0000000000001
1022.
1024.
1026.
1028.
1030.
1032.
1034.
1036.0000000000002
1038.
1040.
1042.
1044.
1046.
1048.
1050.
1052.
1054.
1056.
1058.
1060.
1062.
1064.
1066.
1068.
1070.0000000000002
1072.
1074.
1076.
1078.
1080.
1082.
1084.
1086.
1088.
1090.
1092.
1094.
1096.
1098.
1100.
1102.
1104.0000000000002
1106.
1108.
1110.
1112.
1114.
1116.
1118.
1120.
1122.
1124.
1126.
1128.
1130.
1132.
1134.
1136.
1138.0000000000002
1140.
1142.
1144.
1146.
1148.
1150.
1152.
1154.
1156.
1158.
1160.
1162.0000000000002
1164.
1166.
1168.
1170.
1172.0000000000002
1174.
1176.
1178.
1180.
1182.
1184.
1186.
1188.
1190.
1192.
1194.
1196.0000000000002
1198.
1200.
1202.
1204.
1206.
1208.
1210.
1212.
1214.
1216.
1218.
1220.
1222.
1224.
1226.
1228.
1230.0000000000002
1232.
1234.
1236.
1238.
1240.
1242.
1244.
1246.
1248.
1250.
1252.
1254.0000000000002
1256.0000000000002
1258.
1260.
1262.
1264.0000000000002
1266.0000000000002
1268.
1270.
1272.
1274.0000000000002
1276.0000000000002
1278.
1280.
1282.
1284.0000000000002
1286.0000000000002
1288.
1290.
1292.
1294.0000000000002
1296.
1298.
1300.
1302.
1304.0000000000002
1306.
1308.
1310.
1312.
1314.0000000000002
1316.
1318.
1320.
1322.0000000000002
1324.0000000000002
1326.
1328.
1330.
1332.0000000000002
1334.0000000000002
1336.
1338.
1340.
1342.0000000000002
1344.0000000000002
1346.
1348.
1350.
1352.0000000000002
1354.0000000000002
1356.
1358.
1360.
1362.0000000000002
1364.
1366.
1368.
1370.
