0.004472129453733607
0.008944219900360035
0.013416232335219071
0.017888127758541712
0.022359867177896786
0.026831411610636638
0.031302722086334
0.0357737596492295
0.040244485360664405
0.04471486030152076
0.049184845574651186
0.0536544023073083
0.058123491653571294
0.06259207479676811
0.06706011295188877
0.07152756736799964
0.0759943993306514
0.0804605701642773
0.08492604123458843
0.08939077395096404
0.09385472976883329
0.09831787019204545
0.10278015677524456
0.10724155112622223
0.1117020149082744
0.11616150984253809
0.12061999771033062
0.12507744035547272
0.12953379968660161
0.13398903767947726
0.13844311637927875
0.14289599790288815
0.1473476444411611
0.1517980182611927
0.15624708170856588
0.16069479720959146
0.16514112727353142
0.16958603449481824
0.17402948155525078
0.17847143122618522
0.1829118463707071
0.18735068994579349
0.1917879250044643
0.19622351469790303
0.2006574222775848
0.20508961109737148
0.20952004461560644
0.21394868639718073
0.2183755001155909
0.2228004495549805
0.22722349861216048
0.23164461129862102
0.23606375174251684
0.2404808841906439
0.24489597301039498
0.24930898269169557
0.25371987784892713
0.25812862322282826
0.26253518368238177
0.2669395242266738
0.2713416099867472
0.275741406227427
0.2801388783491315
0.284533991889658
0.28892671252595503
0.2933170060758746
0.2977048384998984
0.30209017590285464
0.3064729845355993
0.31085323079669247
0.31523088123404674
0.31960590254655263
0.32397826158568716
0.328347925357101
0.3327148610221823
0.33707903589960186
0.3414404174668309
0.34579897336164656
0.35015467138360884
0.3545074794955164
0.3588573658248414
0.3632042986651442
0.36754824647746037
0.3718891778916723
0.37622706170785125
0.3805618668975845
0.38489356260527363
0.3892221181494102
0.393547503023839
0.3978696868989786
0.4021886396230413
0.4065043312232136
0.41081673190682355
0.4151258120624787
0.4194315422611839
0.4237338932574383
0.4280328359903031
0.43232834158445205
0.43662038135119524
0.440908926789481
0.4451939495868774
0.44947542162051995
0.45375331495805454
0.4580276018585353
0.46229825477331904
0.4665652463469222
0.4708285494178622
0.47508813701947467
0.4793439823807028
0.4835960589268726
0.4878443402804352
0.4920888002616918
0.4963294128894963
0.5005661523819296
0.5047989931569592
0.5090279098330684
0.513252877229864
0.5174738703686679
0.5216908644730776
0.5259038349695089
0.5301127574877131
0.5343176078612767
0.5385183621280939
0.5427149965308191
0.546907487517296
0.5510958117409669
0.5552799460612569
0.559459867543941
0.5636355534614836
0.5678069812933604
0.5719741287263567
0.5761369736548482
0.580295494181055
0.5844496686152761
0.5885994754761097
0.5927448934906384
0.5968859015946095
0.6010224789325828
0.6051546048580629
0.6092822589336134
0.6134054209309445
0.617524070830987
0.6216381888239435
0.6257477553093148
0.6298527508959204
0.6339531564018847
0.6380489528546114
0.6421401214907401
0.6462266437560793
0.6503085013055206
0.6543856760029427
0.6584581499210853
0.6625259053414119
0.666588924753953
0.6706471908571303
0.6747006865575658
0.6787493949698677
0.6827932994164077
0.6868323834270728
0.6908666307390019
0.6948960252963117
0.6989205512497971
0.702940192956622
0.7069549349799866
0.7109647620887897
0.7149696592572635
0.7189696116645989
0.7229646046945537
0.7269546239350456
0.7309396551777337
0.7349196844175755
0.7388946978523806
0.7428646818823391
0.746829623109548
0.7507895083375101
0.7547443245706279
0.7586940590136838
0.7626386990712964
0.7665782323473797
0.7705126466445765
0.7744419299636829
0.7783660705030595
0.7822850566580329
0.7861988770202782
0.7901075203771996
0.7940109757112883
0.7979092321994746
0.801802279212467
0.8056901063140813
0.8095727032605577
0.8134500599998644
0.8173221666709901
0.8211890136032401
0.8250505913154936
0.8289068905154836
0.8327579020990374
0.8366036171493298
0.840444026936115
0.8442791229149481
0.848108896726408
0.8519333401952977
0.8557524453298457
0.8595662043208943
0.863374609541083
0.867177653544018
0.8709753290634377
0.874767629012371
0.8785545464822858
0.8823360747422307
0.8861122072379681
0.8898829375911035
0.893648259598206
0.8974081672299196
0.9011626546300716
0.9049117161147724
0.9086553461715121
0.9123935394582473
0.9161262908024839
0.9198535952003524
0.9235754478156825
0.9272918439790668
0.9310027791869219
0.9347082491005462
0.9384082495451666
0.9421027765089909
0.9457918261422448
0.9494753947562113
0.9531534788222675
0.9568260749709051
0.9604931799907673
0.9641547908276638
0.967810904583587
0.9714615185157371
0.9751066300355201
0.978746236707576
0.9823803362487632
0.9860089265271766
0.9896320055611408
0.9932495715182125
0.9968616227141756
1.0004681576120331
1.0040691748210013
1.0076646730954957
1.011254651334126
1.0148391085786743
1.0184180440130879
1.0219914569624573
1.0255593468920017
1.0291217134060509
1.0326785562470222
1.036229875294407
1.0397756705637429
1.0433159422055946
1.046850690504536
1.0503799158781217
1.0539036188758688
1.0574218001782325
1.0609344605955864
1.0644416010671989
1.0679432226602084
1.071439326568607
1.0749299141122166
1.0784149867356667
1.081894546007382
1.0853685936185549
1.0888371313821306
1.092300161231794
1.0957576852209463
1.0992097055217047
1.1026562244238705
1.1060972443339319
1.1095327677740452
1.112962797381034
1.1163873359053742
1.119806386210196
1.1232199512702756
1.126628034171036
1.1300306381075502
1.1334277663835406
1.1368194224103845
1.1402056097061246
1.1435863318944763
1.14696159270384
1.1503313959663182
1.153695745616732
1.157054645691639
1.1604081003283624
1.1637561137640078
1.1670986903345
1.1704358344736119
1.1737675507119973
1.1770938436762313
1.1804147180878477
1.1837301787623908
1.1870402306084544
1.190344878626736
1.1936441279090926
1.1969379836375948
1.2002264510835912
1.203509535606771
1.2067872426542352
1.2100595777595642
1.2133265465418965
1.2165881547050093
1.2198444080363964
1.2230953124063633
1.2263408737671102
1.2295810981518351
1.2328159916738233
1.2360455605255591
1.2392698109778286
1.2424887493788328
1.2457023821532986
1.248910715801599
1.2521137568988925
1.2553115120942235
1.2585039881096747
1.2616911917395004
1.264873129849261
1.2680498093749735
1.2712212373222602
1.274387420765502
1.2775483668470007
1.2807040827761358
1.2838545758285365
1.2869998533452534
1.290139922731933
1.2932747914580025
1.2964044670558528
1.2995289571200297
1.30264826930643
1.3057624113315012
1.308871390971445
1.3119752160614233
1.3150738944947793
1.3181674342222556
1.3212558432512083
1.324339129644844
1.3274173015214492
1.330490367053628
1.3335583344675477
1.3366212120421799
1.339679008108557
1.3427317310490288
1.3457793892965222
1.3488219913338086
1.351859545692776
1.3548920609537023
1.3579195457445399
1.3609420087401987
1.3639594586618389
1.3669719042761623
1.3699793543947194
1.372981817873207
1.3759793036107848
1.3789718205493835
1.3819593776730323
1.3849419840071766
1.3879196486180112
1.3908923806118139
1.3938601891342786
1.3968230833698734
1.399781072541175
1.4027341659082302
1.4056823727679086
1.4086257024532702
1.411564164332933
1.4144977678104458
1.417426522323661
1.4203504373441236
1.4232695223764549
1.4261837869577445
1.429093240656948
1.431997893074286
1.4348977538406547
1.4377928326170306
1.4406831390938923
1.4435686829906353
1.4464494740550011
1.4493255220625063
1.452196836815873
1.4550634281444734
1.4579253059037667
1.4607824799747553
1.463634960263433
1.4664827567002388
1.4693258792395283
1.4721643378590328
1.4749981425593317
1.47782730336333
1.4806518303157379
1.4834717334825518
1.4862870229505556
1.4890977088267972
1.491903801238099
1.494705310330555
1.4975022462690393
1.5002946192367173
1.503082439434565
1.5058657170808807
1.5086444624108173
1.5114186856759086
1.5141883971436008
1.516953607096792
1.5197143258333723
1.5224705636657718
1.5252223309205089
1.5279696379377457
1.530712495070845
1.5334509126859355
1.5361849011614759
1.5389144708878273
1.5416396322668313
1.5443603957113838
1.5470767716450193
1.5497887705015043
1.552496402724421
1.555199678766766
1.5578986090905491
1.5605932041663995
1.5632834744731674
1.5659694304975402
1.5686510827336562
1.5713284416827198
1.574001517852632
1.576670321757611
1.5793348639178215
1.5819951548590159
1.5846512051121657
1.5873030252131064
1.589950625702179
1.5925940171238921
1.5952332100265543
1.5978682149619483
1.6004990424849792
1.6031257031533483
1.6057482075272111
1.608366566168855
1.610980789642372
1.6135908885133339
1.6161968733484742
1.6187987547153795
1.6213965431821695
1.6239902493171943
1.6265798836887237
1.6291654568646532
1.6317469794122035
1.6343244618976198
1.6368979148858906
1.6394673489404497
1.6420327746229002
1.6445942024927245
1.647151643107014
1.6497051070201858
1.6522546047837203
1.6548001469458813
1.6573417440514593
1.6598794066415052
1.6624131452530713
1.6649429704189533
1.66746889266744
1.6699909225220602
1.672509070501338
1.6750233471185436
1.677533762881458
1.680040328292132
1.6825430538466477
1.6850419500348888
1.6875370273403119
1.690028296239716
1.692515767203021
1.6949994506930461
1.6974793571652877
1.6999554970677093
1.7024278808405258
1.7048965189159897
1.7073614217181898
1.7098225996628404
1.7122800631570831
1.7147338225992854
1.7171838883788413
1.719630270875981
1.7220729804615775
1.7245120274969552
1.7269474223337036
1.7293791753134946
1.7318072967679001
1.734231797018212
1.7366526863752627
1.7390699751392567
1.7414836735995929
1.7438937920346942
1.7463003407118476
1.7487033298870287
1.7511027698047477
1.7534986706978823
1.7558910427875254
1.7582798962828239
1.7606652413808273
1.7630470882663378
1.765425447111758
1.7678003280769454
1.7701717413090678
1.7725396969424585
1.774904205098479
1.7772652758853755
1.7796229193981499
1.7819771457184166
1.784327964914276
1.7866753870401828
1.789019422136817
1.7913600802309602
1.793697371335364
1.7960313054486385
1.798361892555124
1.8006891426247722
1.8030130656130363
1.805333671460749
1.8076509700940138
1.8099649714240924
1.812275685347297
1.8145831217448805
1.816887290482935
1.8191882014122822
1.8214858643683776
1.8237802891712052
1.8260714856251838
1.8283594635190665
1.8306442326258456
1.8329258027026611
1.8352041834907107
1.8374793847151558
1.8397514160850337
1.8420202872931712
1.844286008016104
1.846548587913985
1.848808036630507
1.8510643637928248
1.8533175790114689
1.8555676918802744
1.8578147119763022
1.860058648859766
1.8622995120739587
1.8645373111451822
1.8667720555826721
1.8690037548785376
1.8712324185076883
1.87345805592777
1.8756806765791028
1.877900289884612
1.8801169052497735
1.88233053206255
1.884541179693333
1.8867488574948832
1.888953574802277
1.891155340932851
1.8933541651861479
1.8955500568438628
1.8977430251697935
1.8999330794097924
1.9021202287917116
1.9043044825253646
1.906485849802471
1.9086643397966192
1.9108399616632137
1.9130127245394424
1.9151826375442287
1.9173497097781906
1.9195139503236058
1.9216753682443688
1.9238339725859595
1.9259897723753991
1.9281427766212238
1.9302929943134448
1.932440434423518
1.9345851059043129
1.9367270176900802
1.9388661786964232
1.9410025978202685
1.9431362839398392
1.9452672459146279
1.947395492585369
1.9495210327740182
1.9516438752837255
1.9537640288988105
1.9558815023847453
1.9579963044881334
1.9601084439366836
1.962217929439195
1.9643247696855435
1.9664289733466518
1.9685305490744858
1.970629505502031
1.9727258512432824
1.974819594893226
1.9769107450278272
1.9789993102040233
1.9810852989597043
1.9831687198137058
1.9852495812658006
1.987327891796688
1.9894036598679832
1.9914768939222132
1.99354760238281
1.9956157936541008
1.997681476121306
1.9997446581505318
2.0018053480887725
2.003863554263896
2.005919284984652
2.007972548540666
2.0100233532024365
2.012071707221338
2.01411761882962
2.016161096240403
2.0182021476476906
2.020240781226361
2.0222770051321732
2.0243108275017745
2.026342256452701
2.0283713000833807
2.0303979664731404
2.032422263682213
2.0344441997517433
2.0364637827037915
2.0384810205413473
2.040495921248328
2.042508492789601
2.0445187431109795
2.046526680139243
2.048532311782138
2.0505356459283948
2.0525366904477416
2.0545354531909066
2.0565319419896424
2.058526164656725
2.0605181289859824
2.0625078427522956
2.0644953137116193
2.066480549600999
2.068463558138577
2.0704443470236185
2.07242292393652
2.074399296538834
2.076373472473276
2.0783454593637467
2.0803152648153564
2.082282896414432
2.0842483617285437
2.08621166830652
2.088172823678471
2.090131835355802
2.092088710831244
2.094043457578863
2.0959960830540925
2.0979465946937434
2.099894999916033
2.1018413061206105
2.1037855206885694
2.1057276509824803
2.197856389299014
2.1981075070011764
2.1982458103084777
2.198496790576049
2.1987446416046152
2.1990254009313652
2.199277181629831
2.1992542455743322
2.199535883567944
2.19970781177692
2.1999912052895967
2.200243650511892
2.200527422753131
2.2006773508686504
2.2009302014339056
2.2012155706388152
2.201500783787814
2.2006378122756822
2.200923888913513
2.201125906023467
2.2013799435803416
2.201667623489682
2.2019223343127385
2.202210392540088
2.2024625129578457
