1.999995455232314
1.9999818210354352
1.9999590977278894
1.9999272858405126
1.999886386116386
1.9998363995107526
1.9997773271909036
1.999709170536042
1.9996319311371211
1.9995456107966605
1.9994502115285326
1.9993457355577304
1.9992321853201038
1.99910956346208
1.998977872840351
1.9988371165215417
1.998687297781853
1.998528420106679
1.998360487190201
1.9981835029349595
1.9979974714513977
1.9978023970573833
1.9975982842777102
1.99738513784357
1.9971629626920042
1.9969317639653323
1.9966915470105533
1.9964423173787313
1.9961840808243498
1.995916843304647
1.9956406109789304
1.9953553902078633
1.9950611875527342
1.9947580097747
1.994445863834008
1.9941247568891987
1.993794696296281
1.9934556896078908
1.9931077445724266
1.9927508691331626
1.9923850714273412
1.992010359785246
1.9916267427292467
1.9912342289728393
1.9908328274196505
1.9904225471624255
1.990003397482
1.9895753878462497
1.9891385279090212
1.9886928275090405
1.988238296668808
1.9877749455934672
1.9873027846696623
1.9868218244643718
1.9863320757237248
1.9858335493718036
1.9853262565094212
1.984810208412888
1.9842854165327568
1.9837518924925526
1.9832096480874852
1.9826586952831466
1.982099046214189
1.9815307131829878
1.9809537086582927
1.9803680452738572
1.979773735827056
1.9791707932774887
1.9785592307455646
1.9779390615110763
1.9773102990117606
1.9766729568418377
1.976027048750547
1.9753725886406621
1.9747095905669945
1.9740380687348864
1.9733580374986885
1.9726695113602264
1.9719725049672545
1.9712670331118987
1.970553110729088
1.9698307528949726
1.969099974825334
1.9683607918739836
1.967613219531148
1.9668572734218484
1.9660929693042677
1.9653203230681089
1.9645393507329436
1.9637500684465525
1.962952492483255
1.9621466392422344
1.9613325252458491
1.9605101671379428
1.9596795816821413
1.9588407857601435
1.9579937963700098
1.957138630624435
1.956275305749024
1.955403839080554
1.9545242480652365
1.9536365502569677
1.9527407633155793
1.9518369050050801
1.950924993191895
1.9500050458430984
1.949077081024643
1.9481411168995855
1.947197171726309
1.946245263856738
1.9452854117345566
1.9443176338934185
1.9433419489551549
1.9423583756279834
1.941366932704711
1.9403676390609343
1.9393605136532448
1.9383455755174228
1.9373228437666394
1.9362923375896497
1.9352540762489923
1.9342080790791822
1.9331543654849086
1.9320929549392272
1.9310238669817588
1.9299471212168833
1.928862737311937
1.9277707349954107
1.926671134055147
1.925563954336541
1.9244492157407433
1.9233269382228613
1.9221971417901647
1.921059846500295
1.9199150724594736
1.9187628398207146
1.9176031687820416
1.9164360795847055
1.9152615925114036
1.9140797278845108
1.912890506064301
1.9116939474471861
1.9104900724639473
1.9092789015779799
1.9080604552835352
1.9068347541039723
1.9056018185900097
1.9043616693179892
1.9031143268881334
1.9018598119228205
1.9005981450648577
1.899329346975758
1.8980534383340322
1.8967704398334744
1.8954803721814648
1.8941832560972693
1.8928791123103537
1.8915679615586962
1.8902498245871133
1.8889247221455878
1.8875926749876066
1.886253703868503
1.884907829543808
1.8835550727676071
1.882195454290906
1.8808289948600023
1.8794557152148665
1.8780756360875286
1.8766887782004718
1.8752951622650385
1.8738948089798402
1.8724877390291752
1.871073973081456
1.8696535317876457
1.8682264357797018
1.8667927056690263
1.865352362044926
1.863905425473085
1.8624519164940407
1.8609918556216598
1.8595252633416508
1.8580521601100568
1.8565725663517694
1.855086502459051
1.8535939887900656
1.8520950456674161
1.8505896933766954
1.849077952165042
1.847559842239708
1.8460353837666332
1.8445045968690323
1.842967501625988
1.8414241180710549
1.8398744661908717
1.8383185659237855
1.8367564371584812
1.835188099732624
1.8336135734315087
1.832032877986721
1.8304460330748054
1.8288530583159444
1.8272539732726465
1.8256487974484443
1.824037550286601
1.8224202511688263
1.8207969194140026
1.819167574276922
1.8175322349470278
1.815890920547171
1.8142436501323738
1.8125904426885988
1.8109313171315382
1.8092662923053968
1.8075953869817
1.8059186198580999
1.804236009557195
1.8025475746253599
1.8008533335315817
1.7991533046663089
1.797447506340303
1.7957359567835085
1.794018674143924
1.792295676486484
1.7905669817919543
1.7888326079558292
1.7870925727872433
1.7853468940078878
1.7835955892509392
1.7818386760599938
1.7800761718880114
1.7783080940962692
1.7765344599533228
1.774755286633974
1.7729705912182538
1.771180390690396
1.769384701937845
1.7675835417502535
1.7657769268184913
1.763964873733663
1.7621473989861371
1.7603245189645778
1.758496249954985
1.7566626081397483
1.7548236095966991
1.752979270298177
1.7511296061101003
1.749274632791045
1.7474143659913308
1.7455488212521144
1.7436780140044879
1.7418019595685874
1.739920673152705
1.7380341698524095
1.736142464649674
1.7342455724120063
1.7323435078915916
1.7304362857244378
1.7285239204295237
1.7266064264079604
1.724683817942156
1.722756109194981
1.720823314208946
1.7188854469053831
1.71694252108363
1.7149945504202238
1.713041548468095
1.7110835286557715
1.7091205042865873
1.7071524885378822
1.7051794944602356
1.703201534976675
1.7012186228819046
1.6992307708415348
1.697237991391316
1.6952402969363753
1.693237699750459
1.6912302119751776
1.6892178456192535
1.6872006125577756
1.685178524531453
1.6831515931458747
1.6811198298707717
1.679083246039282
1.6770418528472164
1.6749956613523318
1.6729446824736003
1.6708889269904867
1.6688284055422264
1.6667631286271005
1.6646931066017199
1.6626183496803089
1.6605388679339856
1.6584546712900532
1.6563657695312761
1.6542721722951823
1.6521738890733402
1.6500709292106541
1.6479633019046518
1.645851016204776
1.643734081011674
1.6416125050764887
1.63948629700015
1.6373554652326634
1.6352200180724
1.6330799636653874
1.6309353100045954
1.628786064929224
1.6266322361239907
1.6244738311184133
1.622310857286094
1.6201433218440002
1.6179712318517434
1.6157945942108585
1.613613415664079
1.6114277027946005
1.609237462025363
1.6070426996183114
1.6048434216736576
1.602639634129144
1.600431342759299
1.5982185531746902
1.5960012708211713
1.5937795009791296
1.5915532487627266
1.5893225191191311
1.5870873168277537
1.5848476464994705
1.582603512575844
1.5803549193283402
1.5781018708575358
1.5758443710923233
1.5735824237891105
1.5713160325310058
1.5690452007270088
1.566769931611187
1.5644902282418383
1.562206093500666
1.5599175300919272
1.5576245405415812
1.555327127196429
1.5530252922232461
1.5507190376079025
1.5484083651544776
1.5460932764843636
1.5437737730353602
1.5414498560607615
1.5391215266284275
1.5367887856198528
1.5344516337292173
1.532110071462431
1.5297640991361658
1.527413716876876
1.525058924619806
1.5226997221079892
1.5203361088912293
1.517968084325075
1.5155956475697738
1.513218797589223
1.510837533149895
1.5084518528197586
1.5060617549671815
1.5036672377598141
1.5012682991634687
1.4988649369409708
1.496457148651008
1.494044931646949
1.4916282830756544
1.4892071998762713
1.4867816787790038
1.4843517163038729
1.481917308759454
1.4794784522415967
1.4770351426321273
1.4745873755975296
1.4721351465876065
1.4696784508341227
1.4672172833494257
1.464751638925045
1.4622815121302701
1.4598068973107081
1.4573277885868143
1.4548441798524074
1.4523560647731526
1.4498634367850243
1.4473662890927463
1.444864614668206
1.4423584062488377
1.439847656335988
1.4373323571932493
1.4348125008447656
1.4322880790735135
1.4297590834195548
1.4272255051782516
1.4246873353984664
1.4221445648807212
1.4195971841753257
1.4170451835804811
1.4144885531403435
1.4119272826430587
1.4093613616187652
1.4067907793375565
1.4042155248074144
1.4016355867721044
1.3990509537090328
1.39646161382707
1.3938675550643311
1.3912687650859223
1.388665231281645
1.3860569407636594
1.3834438803641065
1.3808260366326903
1.3782033958342126
1.3755759439460669
1.3729436666556847
1.370306549357942
1.3676645771525073
1.3650177348411532
1.3623660069250139
1.3597093776017901
1.357047830762909
1.354381349990626
1.3517099185550767
1.3490335194112733
1.346352135196047
1.343665748224927
1.3409743404889722
1.338277893651534
1.3355763890449615
1.332869807667247
1.3301581301786054
1.327441336897991
1.3247194077995395
1.321992322508962
1.3192600602998457
1.3165226000899029
1.3137799204371352
1.3110319995359334
1.3082788152130935
1.3055203449237602
1.3027565657472913
1.2999874543830419
1.2972129871460585
1.2944331399626996
1.2916478883661633
1.2888572074919287
1.2860610720731016
1.2832594564356767
1.280452334493697
1.277639679744322
1.2748214652627905
1.2719976636972883
1.2691682472637071
1.2663331877402997
1.2634924564622254
1.2606460243159812
1.2577938617337263
1.2549359386874794
1.2520722246832046
1.249202688754769
1.2463272994577794
1.2434460248632861
1.2405588325513568
1.2376656896045133
1.2347665626010345
1.2318614176081124
1.2289502201748623
1.2260329353251884
1.2231095275504948
1.2201799608022341
1.2172441984843043
1.2143022034452742
1.211353937970442
1.2083993637737211
1.2054384419893451
1.202471133163393
1.1994973972451273
1.196517193578136
1.1935304808912828
1.1905372172894477
1.187537360244067
1.1845308665834533
1.181517692482909
1.1784977934545868
1.1754711243371525
1.1724376392851876
1.1693972917583575
1.1663500345103226
1.1632958195773981
1.1602345982669473
1.1571663211454946
1.1540909380265707
1.1510083979582635
1.1479186492104683
1.1448216392618464
1.141717314786454
1.1386056216400657
1.1354865048461502
1.1323599085815166
1.1292257761616067
1.1260840500254181
1.1229346717200663
1.1197775818849554
1.1166127202355558
1.1134400255467776
1.11025943563592
1.107070887345195
1.1038743165237972
1.1006696580095263
1.0974568456099256
1.0942358120829403
1.0910064891170679
1.0877688073109917
1.0845226961526837
1.0812680839979436
1.0780048980483785
1.074733064328793
1.071452507663963
1.0681631516547956
1.0648649186538286
1.0615577297400693
1.0582415046931386
1.0549161619667005
1.0515816186611535
1.0482377904955602
1.044884591778782
1.0415219353798064
1.03814973269722
1.0347678936278135
1.0313763265342821
1.0279749382119892
1.0245636338547537
1.0211423170196472
1.0177108895907439
1.0142692517417928
1.0108173018977717
1.007354936695293
1.0038820509418025
1.0003985375735343
0.9969042876121829
0.9933991901202269
0.9898831321548721
0.9863559987205454
0.9828176727198975
0.9792680349032473
0.975706963816415
0.9721343357468683
0.9685500246681332
0.9649539021823857
0.9613458374611586
0.9577256971840883
0.954093345475613
0.9504486438395524
0.9467914510914728
0.9431216232887442
0.9394390136582024
0.9357434725213009
0.9320348472166614
0.9283129820199035
0.9245777180606343
0.920828893236476
0.9170663421240136
0.9132898958864994
0.9094993821782048
0.9056946250452369
0.901875444822687
0.8980416580279136
0.8941930772498174
0.8903295110338942
0.8864507637628755
0.8825566355327727
0.8786469220240419
0.8747214143677288
0.8707798990062589
0.8668221575486776
0.8628479666200305
0.8588570977046002
0.854849316982705
0.8508243851607102
0.8467820572939286
0.8427220826020201
0.8386442042765215
0.8345481592800766
0.8304336781369329
0.8263004847142327
0.8221482959936114
0.8179768218325505
0.81378576471494
0.8095748194902462
0.8053436731006305
0.8010920042953303
0.7968194833316077
0.7925257716614187
0.7882105216030268
0.7838733759966283
0.7795139678430425
0.7751319199244375
0.7707268444059817
0.76629834241725
0.7618460036121003
0.7573694057056545
0.7528681139869188
0.748341680805456
0.7437896450303974
0.7392115314799524
0.734606850319442
0.7299750964256783
0.7253157487153942
0.720628269435187
0.715912103410238
0.7111666772489035
0.7063913984998722
0.701585654758479
0.6967488127183221
0.6918802171640518
0.6869791899008242
0.6820450286154499
0.6770770056638825
0.6720743667791027
0.6670363296929251
0.6619620826646341
0.6568507829086246
0.6517015549124332
0.6465134886356881
0.6412856375795148
0.6360170167148252
0.6307066002566616
0.6253533192704135
0.6199560590940718
0.6145136565590218
0.6090248969897016
0.603488510960324
0.597903170784118
0.5922674867076517
0.5865800027794249
0.5808391923579145
0.5750434532199556
0.5691911022250389
0.5632803694853133
0.5573093919841104
0.5512762065778812
0.5451787423071612
0.5390148119312769
0.5327821025888503
0.5264781654711682
0.5201004043778453
0.5136460630032731
0.5071122107774763
0.5004957270553246
0.4937932834122904
0.4870013237621282
0.4801160419596837
0.473133356488901
0.4660488817584746
0.4588578954325491
0.451555301105711
0.4441355854849598
0.43659276905705985
0.42892034898742376
0.4211112327011233
0.41315766021741307
0.4050511128191747
0.39678220499860145
0.3883405557770854
0.37971463437325786
0.3708915736784459
0.3618569429312351
0.3525944681230038
0.343085684649975
0.33330950099573453
0.3232416438991663
0.31285394311669723
0.30211339517630637
0.29098091644745105
0.27940964938854523
0.2673426091619235
0.2547093265245878
0.24142090823852846
0.22736249493369123
0.21238121422499526
0.19626582657649752
0.17870976252627285
0.15923719814496415
0.13703351519023016
0.11046387493529305
0.07502484106268838
